BMP180: ac1=     0, ac2=    49, ac3=     0, b1= 30029, b2=   513, mb=   122, mc=   200, md=    29, ac4=    0, ac5= 8960, ac6=34818
Some header
     38960,     328717,  25936,  -1942,    -55,  -333, -1059, -1075,  -1069,   -159,     66,     86,   4785,   6487,  -2590, 0
     38992,     328717,  25936,  -1944,    -48,  -319, -1054, -1065,  -1055,   -157,     77,     87,   5002,   6412,  -2545, 0
     39024,     328717,  25936,  -1939,    -51,  -307, -1067, -1075,  -1065,   -171,     71,     82,   4910,   6407,  -2477, 0
     39057,     328717,  25936,  -1933,    -53,  -323, -1069, -1084,  -1076,   -148,     67,     84,   4952,   6430,  -2482, 0
     39089,     328717,  25937,  -1944,    -64,  -323, -1063, -1078,  -1072,   -164,     69,     88,   4987,   6510,  -2462, 0
     39121,     328717,  25934,  -1943,    -49,  -326, -1044, -1060,  -1055,   -159,     71,     82,   4947,   6452,  -2560, 0
     39154,     328717,  25937,  -1945,    -63,  -329, -1045, -1059,  -1054,   -156,     70,     92,   4975,   6452,  -2477, 0
     39186,     328717,  25938,  -1946,    -45,  -303, -1046, -1062,  -1057,   -159,     84,     84,   5025,   6435,  -2512, 0
     39218,     328717,  25935,  -1934,    -46,  -328, -1060, -1069,  -1059,   -156,     74,     77,   4872,   6435,  -2565, 0
     39251,     328717,  25937,  -1939,    -53,  -325, -1047, -1063,  -1057,   -160,     75,     95,   4895,   6562,  -2565, 0
     39283,     328717,  25936,  -1941,    -45,  -313, -1067, -1082,  -1076,   -154,     69,     87,   4905,   6557,  -2545, 0
     39315,     328717,  25938,  -1950,    -51,  -296, -1045, -1061,  -1056,   -165,     74,     84,   4952,   6317,  -2487, 0
     39348,     328717,  25936,  -1943,    -54,  -300, -1056, -1064,  -1055,   -162,     79,     80,   4970,   6430,  -2502, 0
     39380,     328717,  25937,  -1940,    -61,  -311, -1053, -1069,  -1062,   -166,     75,     79,   4840,   6387,  -2565, 0
     39412,     328717,  25937,  -1939,    -59,  -315, -1065, -1079,  -1074,   -158,     77,     78,   5035,   6472,  -2435, 0
     39445,     328717,  25934,  -1948,    -61,  -319, -1061, -1076,  -1071,   -162,     72,     80,   4925,   6387,  -2517, 0
     39477,     328717,  25936,  -1936,    -66,  -334, -1055, -1064,  -1055,   -164,     73,     81,   4887,   6532,  -2580, 0
     39509,     328717,  25936,  -1947,    -57,  -307, -1065, -1080,  -1074,   -162,     73,     82,   4975,   6300,  -2590, 0
     39542,     328717,  25936,  -1942,    -52,  -322, -1055, -1065,  -1055,   -158,     84,     77,   4980,   6467,  -2522, 0
     39574,     328717,  25937,  -1947,    -51,  -330, -1056, -1072,  -1067,   -158,     67,     81,   5012,   6500,  -2467, 0
     39606,     328717,  25935,  -1947,    -65,  -307, -1056, -1065,  -1055,   -161,     72,     84,   4975,   6382,  -2455, 0
     39639,     328717,  25937,  -1937,    -55,  -318, -1045, -1060,  -1055,   -158,     73,     86,   5045,   6520,  -2420, 0
     39671,     328717,  25936,  -1949,    -55,  -314, -1061, -1077,  -1072,   -168,     74,     91,   4892,   6355,  -2502, 0
     39703,     328717,  25935,  -1947,    -63,  -315, -1046, -1057,  -1053,   -168,     71,     90,   4957,   6562,  -2445, 0
     39736,     328717,  25936,  -1939,    -62,  -330, -1052, -1068,  -1063,   -157,     76,     78,   4860,   6547,  -2482, 0
     39768,     328717,  25936,  -1942,    -54,  -313, -1048, -1064,  -1059,   -165,     77,     83,   4957,   6445,  -2395, 0
     39800,     328717,  25938,  -1949,    -53,  -317, -1059, -1074,  -1069,   -161,     67,     75,   4887,   6345,  -2435, 0
     39833,     328717,  25936,  -1946,    -48,  -314, -1060, -1075,  -1071,   -157,     68,     78,   4987,   6440,  -2512, 0
     39865,     328717,  25936,  -1946,    -60,  -313, -1061, -1076,  -1070,   -162,     75,     71,   4942,   6435,  -2535, 0
     39897,     328717,  25937,  -1933,    -51,  -322, -1056, -1071,  -1065,   -153,     62,     82,   4987,   6450,  -2472, 0
     39930,     328717,  25936,  -1942,    -49,  -316, -1064, -1079,  -1073,   -162,     77,     75,   4845,   6457,  -2512, 0
     39962,     328717,  25938,  -1946,    -60,  -325, -1048, -1063,  -1058,   -159,     69,     88,   4960,   6515,  -2517, 0
     39994,     328717,  25938,  -1946,    -55,  -309, -1068, -1083,  -1077,   -166,     81,     82,   4957,   6495,  -2455, 0
     40027,     328717,  25936,  -1942,    -62,  -310, -1051, -1067,  -1060,   -161,     69,     77,   4952,   6500,  -2602, 0
     40059,     328717,  25936,  -1937,    -52,  -307, -1062, -1077,  -1071,   -156,     76,     85,   4925,   6302,  -2420, 0
     40091,     328717,  25936,  -1946,    -49,  -322, -1064, -1074,  -1064,   -161,     80,     80,   4980,   6435,  -2517, 0
     40124,     328717,  25936,  -1937,    -60,  -319, -1044, -1059,  -1054,   -158,     73,     81,   5062,   6495,  -2670, 0
     40156,     328717,  25934,  -1954,    -52,  -322, -1057, -1072,  -1068,   -153,     68,     84,   4947,   6332,  -2472, 0
     40188,     328717,  25936,  -1941,    -48,  -321, -1049, -1064,  -1059,   -168,     83,     82,   4905,   6397,  -2675, 0
     40221,     328717,  25936,  -1938,    -67,  -318, -1064, -1078,  -1072,   -168,     76,     82,   4965,   6392,  -2467, 0
     40253,     328717,  25936,  -1936,    -50,  -320, -1057, -1067,  -1056,   -165,     65,     80,   4952,   6345,  -2477, 0
     40285,     328717,  25936,  -1935,    -53,  -312, -1068, -1082,  -1075,   -156,     71,     84,   4942,   6355,  -2482, 0
     40318,     328717,  25937,  -1938,    -61,  -342, -1042, -1057,  -1054,   -167,     71,     84,   4927,   6537,  -2420, 0
     40350,     328717,  25937,  -1936,    -52,  -323, -1060, -1074,  -1069,   -185,     71,     83,   4992,   6435,  -2450, 0
     40382,     328717,  25936,  -1939,    -60,  -313, -1058, -1074,  -1068,   -258,     63,     80,   4800,   6397,  -2487, 0
     40415,     328717,  25938,  -1932,    -53,  -317, -1047, -1063,  -1057,    -49,     57,     90,   4927,   6450,  -2487, 0
     40447,     328717,  25937,  -1942,    -53,  -335, -1047, -1063,  -1057,   -204,     60,     75,   4960,   6477,  -2462, 0
     40479,     328717,  25937,  -1949,    -52,  -302, -1042, -1059,  -1054,   -181,     72,     84,   4910,   6322,  -2455, 0
     40512,     328717,  25938,  -1943,    -50,  -326, -1065, -1080,  -1074,    -91,     66,     85,   5035,   6412,  -2462, 0
     40544,     328717,  25939,  -1944,    -66,  -303, -1050, -1060,  -1053,   -212,     67,     83,   4987,   6462,  -2450, 0
     40576,     328717,  25939,  -1936,    -57,  -303, -1067, -1082,  -1075,   -162,     97,     77,   4987,   6350,  -2387, 0
     40609,     328717,  25937,  -1940,    -62,  -312, -1062, -1077,  -1072,   -140,     90,     86,   4887,   6337,  -2482, 0
     40641,     328717,  25938,  -1940,    -40,  -310, -1053, -1069,  -1062,   -190,     86,     71,   4895,   6467,  -2507, 0
     40673,     328717,  25936,  -1935,    -53,  -326, -1056, -1072,  -1067,   -138,     85,     81,   4915,   6495,  -2535, 0
     40706,     328717,  25938,  -1944,    -50,  -328, -1069, -1081,  -1070,   -158,     87,     76,   4937,   6440,  -2425, 0
     40738,     328717,  25937,  -1957,    -56,  -303, -1069, -1083,  -1076,   -166,     81,     89,   4997,   6365,  -2445, 0
     40770,     328717,  25938,  -1942,    -46,  -329, -1055, -1072,  -1065,   -148,     60,     80,   4932,   6430,  -2492, 0
     40803,     328717,  25937,  -1947,    -51,  -320, -1066, -1080,  -1074,   -169,     55,     82,   4960,   6445,  -2492, 0
     40835,     328717,  25938,  -1942,    -54,  -327, -1061, -1070,  -1060,   -138,     79,     88,   4867,   6227,  -2507, 0
     40867,     328717,  25938,  -1934,    -58,  -339, -1051, -1067,  -1061,   -168,     72,     75,   4987,   6450,  -2372, 0
     40900,     328717,  25938,  -1945,    -60,  -307, -1063, -1078,  -1072,   -167,     68,     87,   4985,   6445,  -2455, 0
     40932,     328717,  25936,  -1933,    -40,  -311, -1061, -1075,  -1071,   -142,     68,     81,   5035,   6495,  -2575, 0
     40964,     328717,  25937,  -1943,    -55,  -310, -1056, -1060,  -1056,   -168,     84,     76,   4905,   6345,  -2450, 0
     40997,     328717,  25938,  -1949,    -62,  -322, -1067, -1082,  -1075,   -152,     88,     77,   4927,   6510,  -2440, 0
     41029,     328717,  25938,  -1940,    -48,  -328, -1045, -1060,  -1055,   -157,     82,     77,   4960,   6500,  -2507, 0
     41061,     328717,  25938,  -1945,    -46,  -325, -1069, -1079,  -1069,   -168,     76,     80,   5012,   6482,  -2580, 0
     41094,     328717,  25937,  -1941,    -58,  -308, -1064, -1079,  -1074,   -154,     72,     84,   4957,   6500,  -2517, 0
     41126,     328717,  25936,  -1944,    -67,  -317, -1070, -1081,  -1071,   -168,     75,     91,   4947,   6420,  -2507, 0
     41158,     328717,  25938,  -1938,    -42,  -316, -1062, -1077,  -1071,   -161,     67,     74,   4942,   6532,  -2607, 0
     41191,     328717,  25938,  -1948,    -60,  -329, -1069, -1083,  -1075,   -174,     72,     84,   4957,   6637,  -2467, 0
     41223,     328717,  25938,  -1941,    -62,  -334, -1063, -1077,  -1072,   -158,     74,     86,   5002,   6327,  -2410, 0
     41255,     328717,  25938,  -1942,    -55,  -320, -1057, -1073,  -1069,   -153,     59,     80,   4895,   6412,  -2545, 0
     41288,     328717,  25937,  -1942,    -50,  -318, -1052, -1068,  -1062,   -168,     66,     77,   4807,   6360,  -2400, 0
     41320,     328717,  25938,  -1951,    -57,  -330, -1047, -1063,  -1057,   -153,     63,     85,   4892,   6407,  -2462, 0
     41352,     328717,  25936,  -1934,    -37,  -322, -1053, -1069,  -1063,   -160,     72,     83,   4992,   6420,  -2472, 0
     41385,     328717,  25938,  -1935,    -63,  -320, -1069, -1083,  -1075,   -159,     74,     70,   4910,   6505,  -2555, 0
     41417,     328717,  25938,  -1945,    -49,  -305, -1055, -1071,  -1064,   -150,     76,     78,   4970,   6327,  -2405, 0
     41449,     328717,  25938,  -1943,    -64,  -315, -1041, -1057,  -1053,   -161,     80,     86,   4947,   6452,  -2482, 0
     41482,     328717,  25939,  -1947,    -53,  -322, -1052, -1068,  -1061,   -155,     87,     82,   4920,   6407,  -2540, 0
     41514,     328717,  25940,  -1937,    -53,  -314, -1042, -1057,  -1054,   -156,     73,     85,   4992,   6450,  -2445, 0
     41546,     328717,  25938,  -1943,    -59,  -313, -1041, -1057,  -1054,   -162,     85,     83,   4987,   6382,  -2472, 0
     41579,     328717,  25940,  -1936,    -56,  -337, -1062, -1077,  -1071,   -156,     69,     85,   4937,   6285,  -2522, 0
     41611,     328717,  25940,  -1943,    -57,  -323, -1065, -1080,  -1074,   -158,     76,     88,   5045,   6350,  -2565, 0
     41643,     328717,  25938,  -1927,    -53,  -341, -1049, -1066,  -1060,   -163,     64,     86,   4927,   6337,  -2472, 0
     41676,     328717,  25938,  -1939,    -53,  -315, -1070, -1082,  -1069,   -163,     69,     85,   4802,   6525,  -2487, 0
     41708,     328717,  25939,  -1944,    -53,  -327, -1055, -1071,  -1065,   -151,     63,     78,   4895,   6532,  -2487, 0
     41740,     328717,  25938,  -1956,    -48,  -329, -1044, -1060,  -1056,   -151,     69,     87,   4937,   6420,  -2455, 0
     41773,     328717,  25938,  -1935,    -52,  -322, -1067, -1082,  -1075,   -163,     64,     85,   4987,   6452,  -2472, 0
     41805,     328717,  25940,  -1946,    -62,  -310, -1047, -1063,  -1057,   -151,     79,     78,   4980,   6457,  -2535, 0
     41837,     328717,  25939,  -1941,    -47,  -310, -1044, -1058,  -1054,   -155,     74,     81,   4905,   6425,  -2492, 0
     41870,     328717,  25940,  -1933,    -58,  -299, -1042, -1057,  -1053,   -171,     86,     83,   4960,   6387,  -2492, 0
     41902,     328717,  25938,  -1949,    -52,  -308, -1044, -1060,  -1055,   -161,     95,     81,   5050,   6412,  -2462, 0
     41934,     328717,  25939,  -1942,    -60,  -329, -1051, -1068,  -1063,   -167,     68,     95,   4887,   6490,  -2425, 0
     41967,     328717,  25938,  -1937,    -46,  -311, -1046, -1062,  -1057,   -165,     73,     79,   4855,   6420,  -2435, 0
     41999,     328717,  25939,  -1938,    -59,  -319, -1049, -1066,  -1059,   -159,     77,     88,   4892,   6482,  -2580, 0
     42031,     328717,  25939,  -1951,    -53,  -320, -1044, -1060,  -1055,   -154,     59,     91,   4960,   6387,  -2555, 0
     42064,     328717,  25939,  -1936,    -57,  -329, -1060, -1075,  -1070,   -162,     72,     83,   4970,   6387,  -2507, 0
     42096,     328717,  25940,  -1944,    -65,  -313, -1045, -1061,  -1056,   -164,     73,     81,   4937,   6382,  -2467, 0
     42128,     328717,  25939,  -1941,    -54,  -302, -1060, -1075,  -1070,   -159,     73,     86,   5020,   6450,  -2415, 0
     42161,     328717,  25940,  -1937,    -57,  -300, -1064, -1079,  -1072,   -156,     74,     86,   4915,   6430,  -2487, 0
     42193,     328717,  25940,  -1949,    -62,  -327, -1058, -1074,  -1068,   -170,     78,     83,   4992,   6407,  -2395, 0
     42225,     328717,  25939,  -1938,    -69,  -325, -1065, -1079,  -1074,   -161,     66,     90,   4785,   6317,  -2410, 0
     42258,     328717,  25939,  -1929,    -46,  -327, -1065, -1079,  -1075,   -167,     61,     76,   4942,   6392,  -2435, 0
     42290,     328717,  25940,  -1947,    -53,  -324, -1057, -1072,  -1068,   -153,     86,     86,   4975,   6452,  -2420, 0
     42322,     328717,  25941,  -1946,    -49,  -318, -1067, -1082,  -1075,   -159,     67,     88,   4942,   6355,  -2535, 0
     42355,     328717,  25940,  -1943,    -65,  -323, -1056, -1071,  -1065,   -160,     74,     77,   5012,   6440,  -2535, 0
     42387,     328717,  25941,  -1953,    -64,  -320, -1061, -1076,  -1071,   -156,     86,     77,   4992,   6407,  -2502, 0
     42419,     328717,  25940,  -1933,    -58,  -311, -1064, -1079,  -1072,   -146,     67,     76,   4882,   6360,  -2425, 0
     42452,     328717,  25940,  -1945,    -53,  -321, -1068, -1082,  -1075,   -166,     68,     86,   4985,   6412,  -2517, 0
     42484,     328717,  25937,  -1942,    -62,  -311, -1064, -1079,  -1073,   -149,     55,     82,   4932,   6445,  -2482, 0
     42516,     328717,  25940,  -1945,    -51,  -319, -1068, -1078,  -1069,   -162,     62,     80,   4960,   6415,  -2530, 0
     42549,     328717,  25940,  -1938,    -40,  -297, -1063, -1077,  -1072,   -160,     80,     92,   5030,   6407,  -2575, 0
     42581,     328717,  25939,  -1941,    -60,  -319, -1045, -1061,  -1055,   -165,     72,     90,   4812,   6430,  -2507, 0
     42613,     328717,  25940,  -1938,    -59,  -314, -1048, -1063,  -1057,   -155,     75,     86,   4860,   6452,  -2472, 0
     42646,     328717,  25940,  -1944,    -48,  -321, -1045, -1061,  -1056,   -157,     86,     82,   4987,   6580,  -2517, 0
     42678,     328717,  25940,  -1938,    -51,  -312, -1042, -1057,  -1054,   -162,     82,     96,   4992,   6552,  -2502, 0
     42710,     328717,  25942,  -1948,    -47,  -324, -1056, -1064,  -1055,   -147,     80,     88,   4975,   6345,  -2440, 0
     42743,     328717,  25940,  -1934,    -60,  -314, -1049, -1064,  -1060,   -163,     88,     73,   4927,   6350,  -2550, 0
     42775,     328717,  25940,  -1953,    -57,  -307, -1059, -1074,  -1069,   -163,     70,     78,   4927,   6565,  -2450, 0
     42807,     328717,  25940,  -1939,    -69,  -319, -1069, -1080,  -1070,   -155,     82,     93,   4987,   6440,  -2492, 0
     42840,     328717,  25939,  -1951,    -56,  -324, -1049, -1065,  -1058,   -167,     62,     96,   5057,   6525,  -2602, 0
     42872,     328717,  25940,  -1947,    -49,  -310, -1065, -1080,  -1074,   -158,     70,     83,   5002,   6415,  -2560, 0
     42904,     328717,  25940,  -1943,    -59,  -320, -1046, -1062,  -1056,   -159,     70,     79,   5020,   6355,  -2512, 0
     42937,     328717,  25938,  -1934,    -46,  -313, -1054, -1071,  -1066,   -158,     69,     84,   5012,   6472,  -2487, 0
     42969,     328717,  25940,  -1937,    -58,  -314, -1047, -1063,  -1057,   -156,     94,     77,   4997,   6382,  -2497, 0
     43001,     328717,  25939,  -1933,    -51,  -308, -1064, -1078,  -1072,   -162,     64,     85,   4947,   6487,  -2540, 0
     43034,     328717,  25940,  -1944,    -53,  -316, -1049, -1065,  -1060,   -169,     73,     82,   4975,   6542,  -2467, 0
     43066,     328717,  25940,  -1938,    -57,  -330, -1054, -1070,  -1064,   -159,     82,     88,   4952,   6377,  -2450, 0
     43098,     328717,  25941,  -1951,    -51,  -324, -1051, -1059,  -1052,   -161,     72,     83,   5040,   6430,  -2517, 0
     43131,     328717,  25941,  -1942,    -50,  -317, -1047, -1057,  -1054,   -156,     83,     87,   4932,   6500,  -2462, 0
     43163,     328717,  25941,  -1938,    -58,  -322, -1055, -1072,  -1065,   -157,     78,     85,   4835,   6510,  -2492, 0
     43195,     328717,  25940,  -1942,    -59,  -320, -1069, -1084,  -1072,   -151,     76,     83,   4840,   6510,  -2482, 0
     43228,     328717,  25940,  -1936,    -45,  -317, -1055, -1071,  -1065,   -166,     84,     78,   4957,   6440,  -2517, 0
     43260,     328717,  25942,  -1948,    -58,  -323, -1069, -1084,  -1076,   -153,     70,     86,   5002,   6407,  -2487, 0
     43292,     328717,  25940,  -1941,    -45,  -320, -1054, -1071,  -1065,   -158,     69,     83,   4947,   6370,  -2545, 0
     43325,     328717,  25940,  -1939,    -60,  -331, -1064, -1079,  -1073,   -166,     63,     88,   4965,   6327,  -2395, 0
     43357,     328717,  25940,  -1945,    -42,  -314, -1045, -1059,  -1054,   -162,     74,     81,   4942,   6527,  -2512, 0
     43389,     328717,  25939,  -1943,    -55,  -318, -1043, -1059,  -1054,   -154,     75,     81,   4937,   6542,  -2512, 0
     43422,     328717,  25940,  -1938,    -50,  -324, -1056, -1072,  -1067,   -162,     75,     88,   4980,   6397,  -2482, 0
     43454,     328717,  25941,  -1936,    -55,  -311, -1047, -1057,  -1053,   -168,     79,     88,   4952,   6457,  -2472, 0
     43486,     328717,  25941,  -1938,    -47,  -337, -1069, -1083,  -1075,   -163,     79,     88,   4827,   6407,  -2555, 0
     43519,     328717,  25941,  -1951,    -50,  -315, -1062, -1077,  -1071,   -156,     65,     84,   4910,   6487,  -2565, 0
     43551,     328717,  25940,  -1952,    -59,  -309, -1046, -1058,  -1054,   -152,     82,     87,   4987,   6537,  -2395, 0
     43583,     328717,  25941,  -1943,    -61,  -323, -1053, -1069,  -1063,   -158,     62,     73,   4992,   6300,  -2535, 0
     43616,     328717,  25941,  -1945,    -51,  -311, -1062, -1076,  -1072,   -177,     73,     79,   4927,   6430,  -2535, 0
     43648,     328717,  25940,  -1941,    -48,  -291, -1045, -1060,  -1056,   -156,     78,     77,   4980,   6510,  -2652, 0
     43680,     328717,  25942,  -1932,    -63,  -313, -1064, -1079,  -1073,   -157,     75,     75,   4920,   6462,  -2637, 0
     43713,     328717,  25942,  -1946,    -63,  -312, -1061, -1076,  -1072,   -157,     71,     82,   4942,   6482,  -2517, 0
     43745,     328717,  25942,  -1951,    -62,  -328, -1070, -1082,  -1071,   -165,     73,     80,   4960,   6295,  -2487, 0
     43777,     328717,  25941,  -1946,    -43,  -319, -1055, -1064,  -1054,   -159,     86,     86,   4952,   6435,  -2477, 0
     43810,     328717,  25940,  -1934,    -46,  -301, -1069, -1082,  -1071,   -160,     72,     84,   4975,   6495,  -2555, 0
     43842,     328717,  25941,  -1939,    -51,  -307, -1067, -1075,  -1065,   -155,     70,     80,   5030,   6457,  -2462, 0
     43874,     328717,  25943,  -1935,    -47,  -315, -1053, -1069,  -1063,   -161,     78,     81,   4970,   6462,  -2487, 0
     43907,     328717,  25940,  -1939,    -60,  -331, -1052, -1068,  -1062,   -158,     74,     81,   4970,   6440,  -2545, 0
     43939,     328717,  25940,  -1940,    -45,  -313, -1052, -1069,  -1062,   -159,     91,     87,   4845,   6520,  -2622, 0
     43971,     328717,  25941,  -1936,    -55,  -288, -1052, -1068,  -1062,   -159,     85,     93,   4900,   6425,  -2362, 0
     44004,     328717,  25943,  -1945,    -67,  -317, -1051, -1067,  -1061,   -153,     81,     86,   4985,   6382,  -2472, 0
     44036,     328717,  25942,  -1942,    -57,  -329, -1041, -1057,  -1053,   -161,     68,     90,   5025,   6270,  -2535, 0
     44068,     328717,  25940,  -1948,    -63,  -322, -1056, -1071,  -1064,   -171,     81,     80,   4867,   6370,  -2357, 0
     44101,     328717,  25940,  -1934,    -44,  -314, -1045, -1061,  -1055,   -159,     63,     81,   4850,   6365,  -2310, 0
     44133,     328717,  25941,  -1929,    -63,  -315, -1052, -1061,  -1052,   -154,     70,     87,   4960,   6440,  -2570, 0
     44165,     328717,  25941,  -1945,    -57,  -323, -1054, -1070,  -1064,   -168,     67,     89,   5017,   6412,  -2512, 0
     44198,     328717,  25942,  -1945,    -62,  -317, -1064, -1079,  -1072,   -154,     76,     89,   5030,   6430,  -2467, 0
     44230,     328717,  25942,  -1947,    -53,  -336, -1068, -1083,  -1076,   -161,     68,     88,   4910,   6322,  -2400, 0
     44262,     328717,  25942,  -1951,    -57,  -313, -1042, -1057,  -1053,   -164,     71,     91,   4937,   6445,  -2455, 0
     44295,     328717,  25940,  -1942,    -61,  -326, -1064, -1079,  -1072,   -165,     81,     89,   4860,   6382,  -2512, 0
     44327,     328717,  25943,  -1942,    -57,  -316, -1052, -1069,  -1063,   -163,     72,     88,   5002,   6340,  -2507, 0
     44359,     328717,  25942,  -1938,    -47,  -307, -1049, -1059,  -1051,   -155,     84,     78,   4985,   6440,  -2492, 0
     44392,     328717,  25944,  -1953,    -49,  -319, -1065, -1079,  -1074,   -157,     71,     82,   4965,   6425,  -2467, 0
     44424,     328717,  25942,  -1941,    -54,  -325, -1061, -1076,  -1070,   -160,     69,     83,   4905,   6360,  -2575, 0
     44456,     328717,  25940,  -1942,    -70,  -331, -1064, -1079,  -1073,   -159,     81,     81,   4965,   6332,  -2435, 0
     44489,     328717,  25941,  -1940,    -49,  -317, -1057, -1072,  -1067,   -159,     82,     80,   4915,   6425,  -2540, 0
     44521,     328717,  25940,  -1941,    -54,  -329, -1044, -1060,  -1054,   -147,     66,     89,   4952,   6340,  -2487, 0
     44553,     328717,  25943,  -1942,    -60,  -310, -1052, -1068,  -1062,   -167,     65,     84,   4985,   6440,  -2602, 0
     44586,     328717,  25942,  -1957,    -44,  -323, -1045, -1061,  -1056,   -156,     73,     83,   4997,   6402,  -2482, 0
     44618,     328717,  25943,  -1938,    -63,  -313, -1049, -1066,  -1060,   -162,     73,     79,   4947,   6482,  -2462, 0
     44650,     328717,  25942,  -1940,    -49,  -316, -1054, -1070,  -1064,   -157,     75,     79,   4927,   6397,  -2405, 0
     44683,     328717,  25943,  -1946,    -59,  -304, -1045, -1057,  -1054,   -161,     76,     87,   4997,   6345,  -2420, 0
     44715,     328717,  25940,  -1936,    -61,  -318, -1048, -1057,  -1054,   -168,     74,     85,   5020,   6495,  -2492, 0
     44747,     328717,  25942,  -1928,    -51,  -320, -1062, -1076,  -1072,   -155,     79,     90,   4910,   6317,  -2575, 0
     44780,     328717,  25942,  -1945,    -55,  -301, -1058, -1073,  -1069,   -161,     71,     85,   4947,   6392,  -2367, 0
     44812,     328717,  25942,  -1930,    -51,  -288, -1067, -1082,  -1076,   -162,     75,     88,   4985,   6375,  -2425, 0
     44844,     328717,  25943,  -1949,    -39,  -322, -1061, -1070,  -1059,   -155,     73,     90,   4932,   6375,  -2482, 0
     44877,     328717,  25942,  -1944,    -64,  -294, -1068, -1083,  -1076,   -170,     66,     77,   4957,   6435,  -2487, 0
     44909,     328717,  25942,  -1933,    -62,  -313, -1065, -1079,  -1074,   -149,     68,     82,   5030,   6377,  -2477, 0
     44941,     328717,  25942,  -1948,    -61,  -308, -1049, -1066,  -1060,   -156,     86,     90,   5050,   6425,  -2565, 0
     44974,     328717,  25943,  -1944,    -49,  -331, -1064, -1079,  -1074,   -159,     64,     89,   4925,   6462,  -2540, 0
     45006,     328717,  25942,  -1938,    -56,  -330, -1059, -1074,  -1070,   -151,     70,     84,   4925,   6420,  -2570, 0
     45038,     328717,  25942,  -1946,    -60,  -315, -1048, -1057,  -1052,   -149,     71,     88,   4910,   6425,  -2492, 0
     45071,     328717,  25942,  -1945,    -59,  -322, -1045, -1060,  -1056,   -148,     80,     90,   4877,   6450,  -2492, 0
     45103,     328717,  25943,  -1948,    -47,  -314, -1045, -1057,  -1054,   -165,     81,     90,   4862,   6370,  -2482, 0
     45135,     328717,  25942,  -1939,    -56,  -323, -1061, -1075,  -1070,   -161,     71,     85,   5052,   6450,  -2597, 0
     45168,     328717,  25942,  -1947,    -56,  -335, -1049, -1065,  -1059,   -148,     70,     91,   4970,   6462,  -2507, 0
     45200,     328717,  25944,  -1940,    -50,  -323, -1069, -1083,  -1075,   -161,     67,     81,   4832,   6457,  -2482, 0
     45232,     328717,  25943,  -1956,    -56,  -322, -1053, -1068,  -1061,   -160,     64,     80,   4915,   6340,  -2372, 0
     45265,     328717,  25942,  -1948,    -53,  -323, -1070, -1084,  -1076,   -158,     65,     68,   4997,   6445,  -2462, 0
     45297,     328717,  25942,  -1948,    -56,  -315, -1051, -1068,  -1062,   -156,     77,     83,   4957,   6477,  -2450, 0
     45329,     328717,  25942,  -1944,    -43,  -320, -1063, -1077,  -1072,   -157,     84,     78,   4965,   6360,  -2472, 0
     45362,     328717,  25944,  -1941,    -55,  -307, -1045, -1060,  -1055,   -162,     77,     82,   4975,   6397,  -2450, 0
     45394,     328717,  25943,  -1941,    -54,  -317, -1045, -1060,  -1055,   -160,     71,     70,   4925,   6520,  -2377, 0
     45426,     328717,  25943,  -1947,    -58,  -323, -1058, -1074,  -1069,   -161,     75,     79,   4905,   6452,  -2462, 0
     45459,     328717,  25944,  -1956,    -57,  -316, -1049, -1065,  -1059,   -164,     83,     77,   5012,   6462,  -2517, 0
     45491,     328717,  25942,  -1949,    -46,  -335, -1046, -1061,  -1056,   -150,     64,     78,   4887,   6397,  -2512, 0
     45523,     328717,  25943,  -1954,    -47,  -323, -1065, -1079,  -1074,   -173,     83,     93,   5040,   6377,  -2420, 0
     45555,     328717,  25943,  -1954,    -52,  -324, -1061, -1076,  -1072,   -161,     78,     82,   5007,   6262,  -2477, 0
     45588,     328717,  25944,  -1945,    -52,  -319, -1057, -1072,  -1067,   -161,     74,     84,   5112,   6345,  -2555, 0
     45620,     328717,  25944,  -1931,    -43,  -307, -1042, -1057,  -1053,   -155,     77,     88,   5025,   6477,  -2502, 0
     45652,     328717,  25944,  -1932,    -45,  -322, -1057, -1073,  -1069,   -158,     69,     84,   4855,   6412,  -2482, 0
     45685,     328717,  25943,  -1944,    -52,  -314, -1056, -1065,  -1053,   -161,     82,     82,   4937,   6415,  -2540, 0
     45717,     328717,  25944,  -1951,    -54,  -306, -1046, -1056,  -1054,   -177,     74,     77,   4992,   6482,  -2507, 0
     45749,     328717,  25944,  -1945,    -61,  -331, -1069, -1083,  -1077,   -161,     71,     80,   4937,   6487,  -2410, 0
     45782,     328717,  25943,  -1944,    -69,  -319, -1067, -1080,  -1075,   -158,     73,     67,   5040,   6462,  -2440, 0
     45814,     328717,  25942,  -1952,    -50,  -291, -1059, -1074,  -1068,   -161,     70,     83,   4965,   6430,  -2472, 0
     45846,     328717,  25944,  -1939,    -63,  -326, -1065, -1080,  -1074,   -167,     82,     82,   4932,   6300,  -2555, 0
     45879,     328717,  25944,  -1942,    -54,  -310, -1043, -1059,  -1055,   -168,     73,     83,   4817,   6375,  -2570, 0
     45911,     328717,  25945,  -1943,    -52,  -315, -1064, -1078,  -1074,   -151,     76,     85,   4887,   6307,  -2517, 0
     45943,     328717,  25942,  -1943,    -65,  -317, -1062, -1070,  -1059,   -155,     74,     88,   5020,   6412,  -2435, 0
     45976,     328717,  25943,  -1936,    -58,  -314, -1064, -1078,  -1072,   -170,     74,     80,   4835,   6452,  -2580, 0
     46008,     328717,  25944,  -1935,    -49,  -304, -1045, -1059,  -1055,   -158,     69,     86,   4925,   6407,  -2450, 0
     46040,     328717,  25944,  -1935,    -56,  -314, -1060, -1076,  -1070,   -160,     64,     90,   5020,   6412,  -2622, 0
     46073,     328717,  25943,  -1940,    -48,  -310, -1053, -1069,  -1063,   -162,     82,     91,   4997,   6402,  -2440, 0
     46105,     328717,  25944,  -1934,    -55,  -298, -1057, -1072,  -1068,   -154,     83,     83,   5050,   6392,  -2450, 0
     46137,     328717,  25942,  -1944,    -60,  -311, -1048, -1064,  -1057,   -161,     74,     76,   4877,   6525,  -2617, 0
     46170,     328717,  25944,  -1939,    -56,  -311, -1056, -1071,  -1065,   -162,     80,     74,   4947,   6420,  -2530, 0
     46202,     328717,  25943,  -1947,    -59,  -303, -1059, -1072,  -1069,   -176,     79,     83,   4892,   6445,  -2430, 0
     46234,     328717,  25942,  -1944,    -60,  -316, -1049, -1064,  -1058,   -157,     84,     80,   4932,   6412,  -2570, 0
     46267,     328717,  25943,  -1935,    -66,  -315, -1060, -1075,  -1071,   -166,     76,     84,   4957,   6467,  -2482, 0
     46299,     328717,  25944,  -1943,    -53,  -325, -1070, -1083,  -1071,   -162,     91,     79,   5072,   6407,  -2420, 0
     46331,     328717,  25943,  -1953,    -46,  -319, -1057, -1073,  -1069,   -152,     66,     82,   4965,   6585,  -2477, 0
     46364,     328717,  25943,  -1944,    -68,  -324, -1044, -1058,  -1055,   -157,     72,     91,   4957,   6382,  -2420, 0
     46396,     328717,  25943,  -1934,    -59,  -308, -1063, -1078,  -1072,   -153,     79,     89,   4947,   6467,  -2540, 0
     46428,     328717,  25946,  -1929,    -59,  -304, -1049, -1065,  -1060,   -161,     79,     84,   4850,   6487,  -2395, 0
     46461,     328717,  25944,  -1945,    -57,  -313, -1057, -1065,  -1056,   -166,     75,     91,   4937,   6397,  -2482, 0
     46493,     328717,  25946,  -1937,    -47,  -324, -1047, -1063,  -1057,   -153,     80,     86,   4835,   6415,  -2517, 0
     46525,     328717,  25944,  -1945,    -51,  -311, -1067, -1081,  -1075,   -153,     69,     80,   4942,   6435,  -2435, 0
     46558,     328717,  25944,  -1944,    -60,  -306, -1065, -1074,  -1064,   -156,     77,     70,   4900,   6300,  -2332, 0
     46590,     328717,  25944,  -1948,    -59,  -320, -1053, -1069,  -1064,   -159,     91,     74,   4905,   6487,  -2435, 0
     46622,     328717,  25944,  -1937,    -55,  -317, -1069, -1082,  -1071,   -168,     68,     75,   4947,   6415,  -2477, 0
     46655,     328717,  25944,  -1934,    -50,  -324, -1051, -1060,  -1053,   -153,     83,     71,   4862,   6547,  -2607, 0
     46687,     328717,  25946,  -1942,    -59,  -310, -1056, -1065,  -1056,   -159,     77,     86,   4835,   6452,  -2602, 0
     46719,     328717,  25944,  -1936,    -61,  -297, -1057, -1072,  -1068,   -167,     70,     82,   4920,   6505,  -2627, 0
     46752,     328717,  25944,  -1924,    -15,  -303, -1055, -1064,  -1054,   -165,     64,     86,   4970,   6467,  -2482, 0
     46784,     328717,  25944,  -1947,    -47,  -306, -1065, -1079,  -1074,   -141,     65,     86,   4937,   6510,  -2535, 0
     46816,     328717,  25945,  -2012,    -72,  -328, -1047, -1062,  -1057,   -197,     77,    103,   4975,   6515,  -2585, 0
     46849,     328717,  25943,  -2027,    -25,  -382, -1063, -1077,  -1072,   -275,     79,     70,   4957,   6407,  -2320, 0
     46881,     328717,  25944,  -2142,     -3,  -335, -1062, -1071,  -1060,   -133,     78,    103,   5020,   6482,  -2512, 0
     46913,     328717,  25944,  -2099,    -65,  -344, -1064, -1079,  -1072,   -172,     61,     84,   4985,   6477,  -2425, 0
     46946,     328717,  25947,  -1938,    -79,  -339, -1061, -1076,  -1071,   -152,     49,     89,   4925,   6477,  -2560, 0
     46978,     328717,  25946,  -2354,   -281,  -200, -1061, -1075,  -1070,    -27,    128,     86,   5057,   6462,  -2602, 0
     47010,     328717,  25946,  -1794,   -107,  -327, -1060, -1074,  -1069,   -227,     68,     24,   4895,   6382,  -2660, 0
     47043,     328717,  25944,  -2507,    -75,  -559, -1042, -1057,  -1054,   -618,    230,    172,   4877,   6525,  -2565, 0
     47075,     328717,  25945, -14283,  -2063,  -817, -1052, -1068,  -1062,  -2062,    -12,   -761,   4957,   6510,  -2462, 1
     47107,     328717,  25944,  -2642,   -172,  -556, -1055, -1072,  -1065,  -2078,    -54,    177,   4905,   6397,  -2455, 0
     47140,     328717,  25944,  -4537,    -60,  -375, -1063, -1077,  -1072,  -2291,     86,    189,   4957,   6515,  -2502, 1
     47172,     328717,  25944,  -6787,   -281,  -498, -1049, -1065,  -1059,  -4677,    124,     -7,   4927,   6402,  -2440, 1
     47204,     328717,  25944,  -9452,   -356,  -187, -1046, -1061,  -1056,  -3859,    183,    170,   4895,   6177,  -2550, 2
     47248,     328717,  25945, -13700,   -362,  -540, -1055, -1071,  -1064,  -3432,   -304,   -129,   5242,   5352,  -2787, 2
     47291,     328717,  25943, -21325,   -796,  -360, -1042, -1076,  -1074,   5466,     26,    171,   5177,   6070,  -2565, 2
     47334,     328717,  25944, -22993,   -612,  -156, -1070, -1083,  -1072,  32523,   -549,  -1138,   5067,   5695,  -2960, 2
     47378,     328717,  25942, -19836,   -482,  -310, -1045, -1060,  -1055,  32767,   1514,    299,   5160,   4645,  -3537, 2
     47421,     328717,  25944, -18946,   -324,  -105, -1025, -1061,  -1061,  29474,   3042,    188,   5220,   3675,  -3407, 2
     47464,     328717,  25942, -15783,   -277,   -57, -1047, -1062,  -1059,  25728,   3606,   -376,   5225,   2797,  -2935, 2
     47508,     328717,  25942, -13981,   -204,    72, -1008, -1051,  -1052,  25811,   3446,   -759,   5275,   2305,  -2140, 2
     47551,     328717,  25942, -13386,    -74,   160, -1069, -1083,  -1076,  26334,   2829,  -1022,   5307,   2070,  -1552, 2
     47594,     328717,  25944, -12762,    181,   226, -1027, -1064,  -1059,  23378,   2124,   -502,   5237,   1977,  -1007, 2
     47638,     328717,  25940, -12347,    286,   222, -1071, -1084,  -1076,  17482,   1642,    635,   5350,   1972,   -392, 2
     47681,     328717,  25940, -11349,    259,   196, -1062, -1078,  -1071,  11392,   1058,   2002,   5257,   1972,   -112, 2
     47724,     328717,  25940, -10500,     91,   342, -1031, -1072,  -1071,   9741,    253,   2678,   5230,   1925,    227, 2
     47767,     328717,  25939,  -9580,     37,    87, -1069, -1083,  -1077,  11639,   -700,   2280,   5197,   1945,    332, 2
     47811,     328717,  25940,  -9096,    -96,   -18, -1029, -1064,  -1060,  10709,  -1723,   1644,   5210,   2037,    617, 2
     47854,     328717,  25940,  -8867,   -176,  -227, -1069, -1083,  -1077,   8472,  -2425,    603,   5117,   2075,    512, 2
     47897,     328717,  25941,  -8811,   -161,  -540, -1018, -1060,  -1061,   6043,  -2537,   -488,   5307,   2122,    757, 2
     47941,     328717,  25939,  -8430,    -30,  -895, -1069, -1082,  -1076,   2111,  -1972,  -1333,   5210,   2475,    522, 2
     47984,     328717,  25941,  -8430,    152, -1025, -1054, -1069,  -1063,  -4576,  -1132,  -1914,   5392,   2482,    642, 2
     48027,     328717,  25939,  -8358,    390,  -932, -1025, -1067,  -1066,  -7364,   -249,  -1638,   5372,   2520,    325, 2
     48071,     328717,  25940,  -8575,    411,  -956, -1049, -1065,  -1061,  -5249,    336,   -665,   5392,   2582,    280, 2
     48114,     328717,  25939,  -8215,    396,  -896, -1035, -1076,  -1074,  -3504,    333,    511,   5335,   2412,    207, 2
     48157,     328717,  25939,  -8295,    246,  -886, -1059, -1072,  -1068,  -3490,    151,   1389,   5335,   2432,    247, 2
     48200,     328717,  25940,  -7850,     31,  -707, -1011, -1049,  -1050,  -5231,   -361,   1119,   5302,   2165,    170, 2
     48244,     328717,  25941,  -7369,    138,  -911, -1064, -1079,  -1073,  -7582,  -1093,    229,   5207,   2212,    -10, 2
     48287,     328717,  25941,  -7205,    195, -1022, -1067, -1081,  -1075,  -9279,  -1273,   -338,   5290,   2107,   -207, 2
     48330,     328717,  25940,  -7563,    418, -1189, -1027, -1068,  -1068, -11800,  -1036,   -572,   5327,   2145,   -527, 2
     48374,     328717,  25941,  -7452,    524, -1223, -1047, -1062,  -1057, -12844,   -793,    -91,   5367,   2065,   -840, 2
     48417,     328717,  25939,  -7299,    568, -1158, -1021, -1063,  -1063, -11395,   -348,   1017,   5355,   2117,  -1200, 2
     48460,     328717,  25941,  -7331,    291, -1235, -1070, -1082,  -1069, -11645,   -492,   1696,   5312,   2112,  -1345, 2
     48504,     328717,  25940,  -7267,    210, -1169, -1036, -1076,  -1075, -14711,   -766,   1228,   5355,   2177,  -1812, 2
     48547,     328717,  25940,  -6862,    237, -1562, -1060, -1075,  -1070, -18373,   -998,    431,   5335,   2245,  -2067, 2
     48590,     328717,  25942,  -4056,    480, -1401, -1064, -1078,  -1072, -21438,   -863,     63,   5395,   2492,  -2270, 2
     48633,     328717,  25941,    205,    578, -1450, -1019, -1054,  -1051, -18256,  -1402,   1302,   5285,   3027,  -2762, 2
     48677,     328717,  25942,   1582,    468, -1700, -1058, -1067,  -1054, -18894,  -1679,   2107,   5262,   3337,  -3002, 2
     48720,     328717,  25940,   2117,    369, -1921, -1015, -1055,  -1056, -25477,  -1283,   1989,   5285,   3552,  -3340, 2
     48763,     328717,  25940,   2211,    403, -1885, -1069, -1084,  -1075, -31280,   -621,   1782,   5257,   4615,  -3345, 2
     48807,     328717,  25939,   2181,    425, -1751, -1010, -1051,  -1053, -32461,   -455,   2250,   5350,   5197,  -2835, 2
     48850,     328717,  25940,   2101,    271, -1486, -1049, -1064,  -1060, -30962,   -663,   2495,   5382,   5552,  -2472, 2
     48893,     328717,  25941,   2018,    223, -1484, -1034, -1076,  -1074, -29682,  -1134,   2319,   5432,   6007,  -1857, 2
     48937,     328717,  25940,   2015,    280, -1614, -1059, -1074,  -1070, -30222,  -1132,   1809,   5475,   6075,  -1177, 2
     48980,     328717,  25939,   1902,    317, -1504, -1044, -1058,  -1055, -31177,   -832,   1639,   5550,   6045,   -555, 2
     49023,     328717,  25940,   1878,    303, -1390, -1028, -1069,  -1069, -29264,   -851,   1994,   5442,   5770,     60, 2
     49066,     328717,  25940,   1802,    297, -1421, -1062, -1077,  -1072, -26468,  -1097,   2293,   5557,   5182,    497, 2
     49110,     328717,  25940,   1783,    186, -1340, -1026, -1068,  -1068, -26447,  -1204,   2131,   5485,   4452,    737, 2
     49153,     328717,  25940,   1809,    174, -1524, -1047, -1063,  -1059, -28214,  -1114,   1873,   5535,   3975,    907, 2
     49196,     328717,  25939,   1683,    250, -1508, -1025, -1066,  -1067, -29907,   -803,   1771,   5497,   3290,    612, 2
     49240,     328717,  25942,   1646,    262, -1362, -1071, -1083,  -1072, -29554,   -671,   1939,   5382,   2540,    262, 2
     49283,     328717,  25940,   1610,    207, -1240, -1058, -1069,  -1055, -28577,   -913,   2205,   5392,   2347,   -122, 2
     49326,     328717,  25940,   1558,    143, -1288, -1019, -1054,  -1051, -28074,  -1057,   2026,   5400,   2037,   -892, 2
     49370,     328717,  25942,   1500,    157, -1317, -1069, -1084,  -1076, -28362,  -1037,   1796,   5340,   2122,  -1360, 2
     49413,     328717,  25941,   1445,    255, -1284, -1029, -1065,  -1067, -29060,   -912,   1627,   5112,   2287,  -1995, 2
     49456,     328717,  25942,   1407,    199, -1246, -1070, -1084,  -1072, -28200,   -804,   1761,   5202,   2802,  -2570, 2
     49499,     328717,  25940,   1367,    174, -1171, -1031, -1072,  -1072, -27049,   -814,   1885,   5215,   3177,  -2850, 2
     49543,     328717,  25941,   1293,    236, -1168, -1062, -1077,  -1072, -26325,   -869,   1921,   5242,   3655,  -2992, 2
     49586,     328717,  25940,   1279,    161, -1094, -1052, -1068,  -1063, -25529,   -828,   1987,   5360,   4522,  -3255, 2
     49629,     328717,  25942,   1231,    160, -1115, -1012, -1054,  -1054, -25018,   -968,   1915,   5332,   4875,  -2992, 2
     49673,     328717,  25942,   1189,    109, -1104, -1053, -1069,  -1063, -24782,  -1012,   1844,   5367,   5450,  -2710, 2
     49716,     328717,  25942,   1233,    202, -1167, -1014, -1051,  -1052, -25819,   -949,   1688,   5410,   5787,  -2227, 2
     49759,     328717,  25942,   1164,    194, -1100, -1064, -1074,  -1062, -25376,   -800,   1805,   5452,   6032,  -1740, 2
     49803,     328717,  25940,   1098,    183, -1010, -1036, -1070,  -1064, -23929,   -815,   1970,   5507,   6125,  -1340, 2
     49846,     328717,  25944,   1096,    145,  -972, -1062, -1076,  -1070, -22989,   -886,   2083,   5512,   5867,   -737, 2
     49889,     328717,  25942,   1029,    170, -1014, -1071, -1083,  -1071, -22497,  -1026,   2010,   5460,   5745,   -217, 2
     49932,     328717,  25942,   1031,     72,  -953, -1010, -1053,  -1055, -22510,  -1020,   1900,   5590,   5460,     87, 2
     49976,     328717,  25942,    972,    127, -1005, -1053, -1069,  -1064, -23006,   -990,   1754,   5460,   5150,    337, 2
     50019,     328717,  25941,    932,    130, -1001, -1022, -1062,  -1062, -23562,   -942,   1544,   5655,   4540,    467, 2
     50062,     328717,  25940,    918,    118,  -979, -1047, -1057,  -1054, -23845,   -826,   1490,   5520,   4035,    497, 2
     50106,     328717,  25942,    875,    158,  -906, -1033, -1074,  -1074, -23235,   -742,   1549,   5502,   3805,    445, 2
     50149,     328717,  25942,    858,    120,  -884, -1047, -1062,  -1059, -21934,   -818,   1581,   5475,   3190,    357, 2
     50192,     328717,  25942,    824,    123,  -862, -1010, -1051,  -1052, -21240,   -734,   1710,   5507,   2830,     77, 2
     50236,     328717,  25942,    817,     82,  -859, -1048, -1062,  -1059, -20666,   -789,   1683,   5470,   2525,   -135, 2
     50279,     328717,  25944,    774,     61,  -843, -1065, -1072,  -1064, -20928,   -842,   1528,   5437,   2212,   -670, 2
     50322,     328717,  25942,    762,     55,  -821, -1035, -1076,  -1075, -21612,   -838,   1295,   5362,   2257,  -1037, 2
     50365,     328717,  25944,    748,     60,  -835, -1049, -1064,  -1061, -22090,   -778,   1196,   5372,   2197,  -1495, 2
     50409,     328717,  25942,    692,     73,  -812, -1037, -1075,  -1069, -22356,   -684,   1098,   5345,   2445,  -2062, 2
     50452,     328717,  25943,    676,     96,  -789, -1056, -1072,  -1068, -21451,   -570,   1221,   5447,   2765,  -2377, 2
     50495,     328717,  25943,    651,     86,  -765, -1031, -1073,  -1072, -20269,   -593,   1404,   5392,   3097,  -2597, 2
     50539,     328717,  25942,    623,     78,  -747, -1046, -1061,  -1057, -19473,   -664,   1464,   5392,   3322,  -2820, 2
     50582,     328717,  25944,    627,     59,  -738, -1069, -1083,  -1077, -19412,   -667,   1418,   5345,   3827,  -2945, 2
     50625,     328717,  25943,    584,     67,  -743, -1030, -1065,  -1059, -19436,   -670,   1439,   5327,   4095,  -2975, 2
     50669,     328717,  25944,    589,     53,  -739, -1052, -1068,  -1063, -19682,   -624,   1400,   5275,   4522,  -2922, 2
     50712,     328717,  25943,    550,    107,  -757, -1024, -1055,  -1050, -19807,   -571,   1393,   5427,   4962,  -2850, 2
     50755,     328717,  25943,    525,     84,  -739, -1068, -1082,  -1077, -19466,   -477,   1489,   5400,   5357,  -2597, 2
     50798,     328717,  25944,    514,     53,  -672, -1033, -1074,  -1073, -18836,   -477,   1637,   5345,   5417,  -2202, 3
     50842,     328717,  25944,    497,     51,  -663, -1048, -1063,  -1060, -18494,   -558,   1664,   5502,   5690,  -1947, 3
     50885,     328717,  25943,    482,     33,  -628, -1055, -1070,  -1064, -17828,   -646,   1669,   5530,   5775,  -1610, 3
     50928,     328717,  25943,    473,     50,  -644, -1019, -1054,  -1049, -17501,   -727,   1597,   5642,   5712,  -1225, 3
     50972,     328717,  25944,    449,     72,  -597, -1061, -1070,  -1060, -17173,   -754,   1540,   5530,   5690,   -860, 3
     51015,     328717,  25944,    446,     22,  -581, -1031, -1072,  -1072, -16466,   -815,   1580,   5670,   5637,   -565, 3
     51058,     328717,  25942,    438,     33,  -568, -1068, -1082,  -1075, -15894,   -913,   1556,   5617,   5450,   -570, 3
     51102,     328717,  25944,    415,     -9,  -561, -1034, -1069,  -1064, -15771,   -971,   1397,   5637,   5357,   -377, 3
     51145,     328717,  25942,    374,     23,  -574, -1043, -1057,  -1052, -15988,   -978,   1291,   5637,   5107,    -55, 3
     51188,     328717,  25942,    368,     41,  -556, -1070, -1083,  -1076, -16084,   -960,   1186,   5692,   4977,     10, 3
     51231,     328717,  25941,    360,     53,  -547, -1010, -1051,  -1052, -15517,   -940,   1183,   5632,   4602,     67, 3
     51275,     328717,  25943,    357,     38,  -552, -1062, -1076,  -1070, -14562,   -891,   1219,   5535,   4320,    217, 3
     51318,     328717,  25944,    338,    -13,  -525, -1017, -1054,  -1052, -14546,   -870,   1238,   5655,   4162,    102, 3
     51361,     328717,  25942,    321,     17,  -557, -1049, -1059,  -1054, -15540,   -852,   1012,   5780,   3975,    -40, 3
     51405,     328717,  25944,    308,     36,  -525, -1020, -1061,  -1061, -16051,   -778,    924,   5660,   3627,    -15, 3
     51448,     328717,  25944,    284,     24,  -500, -1071, -1083,  -1076, -15382,   -752,    886,   5730,   3370,     67, 3
     51491,     328717,  25943,    273,     16,  -475, -1031, -1072,  -1072, -14697,   -760,    939,   5675,   3247,   -140, 3
     51535,     328717,  25943,    256,     -7,  -465, -1062, -1071,  -1061, -13967,   -759,    923,   5770,   3070,   -285, 3
     51578,     328717,  25944,    248,      2,  -453, -1043, -1058,  -1054, -13369,   -820,    878,   5552,   2890,   -555, 3
     51621,     328717,  25944,    235,    -14,  -484, -1023, -1063,  -1063, -13239,   -834,    784,   5567,   2985,   -657, 3
     51665,     328717,  25944,    252,    -21,  -502, -1069, -1082,  -1076, -13447,   -833,    684,   5645,   2850,   -787, 3
     51708,     328717,  25945,    228,     -6,  -512, -1022, -1064,  -1064, -14183,   -713,    494,   5682,   2845,  -1042, 3
     51751,     328717,  25944,    217,      5,  -488, -1053, -1061,  -1053, -14624,   -585,    426,   5585,   2932,  -1397, 3
     51794,     328717,  25943,    204,    -13,  -480, -1021, -1062,  -1062, -14625,   -469,    377,   5545,   3027,  -1592, 3
     51838,     328717,  25945,    208,     13,  -499, -1053, -1069,  -1064, -14492,   -346,    366,   5670,   3102,  -1740, 3
     51881,     328717,  25944,    185,     12,  -494, -1067, -1079,  -1075, -14605,   -193,    406,   5682,   3275,  -1967, 3
     51924,     328717,  25946,    192,     29,  -498, -1019, -1055,  -1053, -14336,    -72,    499,   5550,   3392,  -1967, 3
     51968,     328717,  25944,    188,     -1,  -467, -1064, -1077,  -1072, -13758,     28,    628,   5590,   3600,  -1987, 3
     52011,     328717,  25943,    186,    -17,  -454, -1018, -1060,  -1060, -13300,     85,    742,   5540,   3772,  -2067, 3
     52054,     328717,  25944,    164,     10,  -454, -1054, -1069,  -1064, -13032,    108,    847,   5637,   4002,  -2102, 3
     52098,     328717,  25946,    153,     20,  -467, -1011, -1053,  -1054, -13046,    121,    888,   5577,   4082,  -1987, 3
     52141,     328717,  25945,    145,     11,  -446, -1056, -1072,  -1067, -12737,    122,    968,   5697,   4260,  -1995, 3
     52184,     328717,  25944,    148,      5,  -434, -1057, -1064,  -1056, -12268,    157,   1087,   5665,   4345,  -2005, 3
     52227,     328717,  25946,    129,      9,  -400, -1027, -1064,  -1064, -11160,    116,   1234,   5730,   4227,  -1947, 3
     52271,     328717,  25944,    124,     16,  -405, -1049, -1060,  -1056, -10332,     51,   1340,   5600,   4427,  -1852, 3
     52314,     328717,  25945,    113,     25,  -393, -1026, -1069,  -1069,  -9302,    -38,   1458,   5660,   4395,  -1885, 3
     52357,     328717,  25946,    121,      5,  -405, -1062, -1075,  -1071,  -8499,    -76,   1554,   5687,   4420,  -1890, 3
     52401,     328717,  25944,     98,     13,  -427, -1019, -1057,  -1052,  -7776,   -145,   1626,   5585,   4352,  -1827, 3
     52444,     328717,  25945,     87,     10,  -426, -1068, -1081,  -1075,  -7215,   -135,   1696,   5785,   4457,  -1755, 3
     52487,     328717,  25944,    115,     23,  -429, -1052, -1063,  -1053,  -6711,   -159,   1756,   5735,   4390,  -1682, 3
     52531,     328717,  25942,    114,      5,  -395, -1031, -1072,  -1072,  -6065,   -168,   1821,   5600,   4362,  -1672, 3
     52574,     328717,  25946,    114,      9,  -390, -1062, -1076,  -1072,  -5615,   -176,   1854,   5682,   4202,  -1620, 3
     52617,     328717,  25944,    104,     12,  -409, -1033, -1074,  -1074,  -5172,   -161,   1870,   5752,   4105,  -1655, 3
     52660,     328717,  25943,    103,     26,  -397, -1065, -1078,  -1074,  -4716,   -193,   1904,   5660,   4200,  -1717, 3
     52704,     328717,  25945,     97,     31,  -421, -1038, -1074,  -1069,  -3913,   -222,   1943,   5650,   4025,  -1702, 3
     52747,     328717,  25944,     94,      7,  -416, -1053, -1068,  -1063,  -2903,   -231,   2007,   5770,   3907,  -1577, 3
     52790,     328717,  25945,     94,     30,  -386, -1055, -1069,  -1063,  -1709,   -226,   2055,   5730,   3777,  -1655, 3
     52834,     328717,  25944,     86,     20,  -397, -1025, -1065,  -1065,   -734,   -176,   2120,   5692,   3815,  -1770, 3
     52877,     328717,  25943,     92,     26,  -392, -1045, -1060,  -1055,    487,   -108,   2193,   5632,   3595,  -1722, 3
     52920,     328717,  25944,     88,     28,  -404, -1026, -1067,  -1067,   1754,    -38,   2254,   5610,   3487,  -1775, 3
     52964,     328717,  25942,     82,     21,  -403, -1072, -1087,  -1077,   2738,     71,   2336,   5747,   3365,  -1740, 3
     53007,     328717,  25944,     77,     39,  -395, -1030, -1071,  -1070,   3421,    201,   2385,   5567,   3087,  -1812, 3
     53050,     328717,  25944,     88,     48,  -434, -1049, -1057,  -1053,   3881,    350,   2449,   5605,   2890,  -1587, 3
     53093,     328717,  25942,     86,     48,  -450, -1011, -1053,  -1054,   3629,    498,   2526,   5530,   2647,  -1572, 3
     53137,     328717,  25942,     90,     55,  -468, -1061, -1076,  -1072,   2691,    640,   2649,   5517,   2567,  -1600, 3
     53180,     328717,  25945,     86,     67,  -468, -1058, -1068,  -1056,   1878,    713,   2793,   5427,   2327,  -1317, 3
     53223,     328717,  25944,     84,     65,  -453, -1033, -1068,  -1062,   1953,    791,   2933,   5242,   2127,  -1302, 3
     53267,     328717,  25944,     84,    104,  -451, -1067, -1072,  -1063,   2448,    913,   3001,   5267,   1897,  -1200, 3
     53310,     328717,  25946,    101,    166,  -435, -1037, -1077,  -1072,   1479,   1065,   3069,   5182,   1690,   -990, 3
     53353,     328717,  25945,     76,    228,  -406, -1057, -1072,  -1068,    219,   1221,   3041,   5100,   1475,   -887, 3
     53397,     328717,  25945,     74,    282,  -460, -1029, -1070,  -1069,  -1524,   1248,   3011,   5085,   1315,   -950, 3
     53440,     328717,  25946,     86,    312,  -498, -1068, -1082,  -1077,  -3017,   1187,   2921,   4910,   1087,   -887, 3
     53483,     328717,  25946,     65,    346,  -496, -1070, -1083,  -1076,  -5022,   1013,   2922,   4697,    895,   -950, 3
     53526,     328717,  25946,     64,    371,  -470, -1029, -1071,  -1071,  -7084,    765,   2965,   4687,    782,   -980, 3
     53570,     328717,  25945,     60,    398,  -463, -1070, -1083,  -1077,  -9344,    382,   3080,   4595,    750,  -1200, 3
     53613,     328717,  25944,     71,    385,  -449, -1025, -1067,  -1065, -10648,    -99,   3257,   4447,    617,  -1717, 3
     53656,     328717,  25943,     84,    426,  -436, -1051, -1066,  -1061, -10735,   -779,   3396,   4427,    607,  -1942, 3
     53700,     328717,  25944,     68,    464,  -343, -1022, -1062,  -1062, -10934,  -1331,   3427,   4127,    472,  -2507, 3
     53743,     328717,  25944,     73,    471,  -128, -1059, -1067,  -1055, -10959,  -1508,   3389,   3975,    682,  -3105, 3
     53786,     328717,  25942,     63,    518,  -193, -1065, -1079,  -1074, -10685,  -1537,   3333,   3835,    800,  -3475, 3
     53830,     328717,  25944,     69,    606,  -152, -1011, -1049,  -1051, -10221,  -1777,   3116,   3677,   1002,  -3792, 3
     53873,     328717,  25944,     88,    408,   186, -1051, -1067,  -1062,  -8077,  -1655,   3027,   3577,   1222,  -4295, 3
     53916,     328717,  25942,     77,    538,    30, -1015, -1051,  -1052,  -3928,  -1378,   3094,   3512,   1297,  -4565, 3
     53959,     328717,  25944,     94,    500,   179, -1065, -1079,  -1074,    -48,  -1222,   3076,   3275,   1410,  -4612, 3
     54003,     328717,  25944,     95,    475,   342, -1021, -1063,  -1063,   3526,   -575,   3327,   3025,   1077,  -4675, 3
     54046,     328717,  25944,     57,    695,    45, -1070, -1083,  -1076,   7188,    -70,   3424,   2980,    697,  -4467, 3
     54089,     328717,  25943,     80,    844,   130, -1051, -1067,  -1061,  12175,    599,   3353,   2845,    280,  -4180, 3
     54133,     328717,  25942,     97,    763,    60, -1030, -1072,  -1071,  17766,   1667,   3350,   2627,   -505,  -3370, 3
     54176,     328717,  25945,    123,   1026,  -176, -1052, -1060,  -1053,  19895,   3668,   3384,   2587,  -1127,  -2445, 3
     54219,     328717,  25944,    176,   1207,   -81, -1022, -1057,  -1055,  18385,   5057,   2721,   2285,  -1457,  -1182, 3
     54263,     328717,  25945,    144,   1094,  -903, -1065, -1078,  -1072,  17199,   5746,   1973,   2197,  -1442,    122, 3
     54306,     328717,  25946,    155,   1199,  -866, -1014, -1050,  -1049,  15873,   5961,   1002,   1920,  -1170,   1255, 3
     54349,     328717,  25947,    135,   1116, -1032, -1065, -1078,  -1073,  14272,   5670,    293,   1752,   -740,   2030, 3
     54392,     328717,  25946,    116,    996, -1198, -1024, -1065,  -1067,  12168,   5192,   -581,   1595,   -270,   2632, 3
     54436,     328717,  25946,    127,   1124, -1273, -1045, -1056,  -1051,   7401,   4522,  -1039,   1430,    440,   3297, 3
     54479,     328717,  25946,    119,   1235, -1284, -1071, -1084,  -1074,   -606,   4058,  -1244,   1277,    622,   3470, 3
     54522,     328717,  25946,     96,   1399, -1177, -1019, -1054,  -1056,  -8132,   3754,  -1193,   1170,    337,   3650, 3
     54566,     328717,  25948,    115,   1513,  -918, -1049, -1060,  -1051, -15494,   3728,   -656,    870,   -322,   3167, 3
     54609,     328717,  25947,    108,   1571,  -874, -1029, -1070,  -1070, -21672,   3522,    408,    752,  -1020,   2232, 3
     54652,     328717,  25945,     71,   1553,  -235, -1048, -1063,  -1058, -24526,   3259,   1860,    550,  -1577,   1177, 3
     54696,     328717,  25944,    110,   1155,   113, -1034, -1075,  -1075, -25187,   3157,   3480,    277,  -2122,   -607, 3
     54739,     328717,  25944,    110,   1208,   -77, -1049, -1064,  -1059, -23771,   1445,   4698,     62,  -1990,  -2020, 3
     54782,     328717,  25944,    118,    764,   457, -1069, -1082,  -1076, -19629,   -127,   4822,    -62,  -1687,  -3255, 3
     54825,     328717,  25943,    148,    534,   628, -1022, -1062,  -1063, -15964,  -1688,   4830,   -420,   -865,  -4430, 3
     54869,     328717,  25943,    146,    100,   836, -1071, -1084,  -1077, -17808,  -3203,   4369,   -680,   -370,  -5100, 3
     54912,     328717,  25941,    222,    -49,   733, -1031, -1072,  -1072, -24783,  -5045,   3416,   -942,    762,  -5780, 3
     54955,     328717,  25941,    239,   -293,   475, -1061, -1074,  -1070, -30999,  -6816,   1340,  -1370,   2890,  -6445, 3
     54999,     328717,  25944,    338,   -342,   347, -1033, -1074,  -1074, -29783,  -7313,  -1631,  -1762,   4615,  -6492, 3
     55042,     328717,  25944,    383,   -497,   -72, -1062, -1075,  -1071, -32319,  -6605,  -4491,  -1942,   6285,  -5855, 3
     55085,     328717,  25945,    402,   -504,  -487, -1064, -1077,  -1072, -27561,  -4657,  -6712,  -2355,   7507,  -4622, 3
     55129,     328717,  25946,    409,   -392,  -473, -1017, -1053,  -1054, -27464,  -1683,  -7793,  -2942,   8287,  -3060, 3
     55172,     328717,  25947,    402,   -110,  -553, -1047, -1059,  -1054, -21660,    863,  -7858,  -3457,   8390,  -1785, 3
     55215,     328717,  25947,    399,    -12,  -498, -1021, -1053,  -1053, -22234,   2923,  -7234,  -3692,   7990,   -855, 3
     55258,     328717,  25946,    385,     -2,  -423, -1048, -1056,  -1054, -19410,   4458,  -5830,  -4257,   7302,     45, 3
     55302,     328717,  25948,    338,     90,  -361, -1025, -1060,  -1061, -17708,   5284,  -3989,  -4675,   6712,    387, 3
     55345,     328717,  25947,    287,    144,  -251, -1052, -1060,  -1054, -17038,   5264,  -2061,  -4675,   6205,    845, 3
     55388,     328717,  25948,    263,    171,  -102, -1070, -1085,  -1075, -16385,   4561,   -389,  -5045,   5582,   1047, 3
     55432,     328717,  25946,    217,    132,    17, -1010, -1049,  -1052, -16504,   3227,    789,  -5160,   5192,   1125, 3
     55475,     328717,  25947,    212,     70,    71, -1045, -1061,  -1055, -17416,   1657,   1250,  -5165,   4752,   1215, 3
     55518,     328717,  25946,    231,    -19,   107, -1023, -1063,  -1063, -16539,     84,    974,  -5307,   4320,   1340, 3
     55562,     328717,  25948,    213,    -39,    79, -1058, -1073,  -1068, -15487,  -1298,    407,  -5350,   3940,   1385, 3
     55605,     328717,  25946,    264,   -121,   -10, -1010, -1051,  -1053, -16855,  -2540,    -77,  -5317,   3345,   1640, 3
     55648,     328717,  25947,    290,   -127,  -144, -1060, -1074,  -1070, -15278,  -3335,   -835,  -5307,   2700,   1770, 3
     55691,     328717,  25948,    317,   -150,  -286, -1018, -1057,  -1059, -11978,  -3574,  -1729,  -5085,   2145,   1625, 3
     55735,     328717,  25948,    313,   -107,  -381, -1063, -1076,  -1072,  -9657,  -3352,  -2355,  -4812,   1757,   1780, 3
     55778,     328717,  25948,    327,    -31,  -476, -1067, -1079,  -1073,  -8973,  -2936,  -2726,  -4800,   1320,   1875, 3
     55821,     328717,  25947,    323,     45,  -502, -1036, -1072,  -1072,  -9237,  -2349,  -2839,  -4740,    712,   1802, 3
     55865,     328717,  25946,    334,    118,  -495, -1063, -1071,  -1061,  -7712,  -1681,  -2512,  -4582,    355,   1442, 3
     55908,     328717,  25946,    317,    173,  -574, -1014, -1051,  -1049,  -4523,  -1170,  -1826,  -4545,     97,   1360, 3
     55951,     328717,  25948,    332,    195,  -544, -1051, -1059,  -1051,   -312,   -724,   -861,  -4350,     22,   1240, 3
     55995,     328717,  25948,    319,    220,  -620, -1035, -1076,  -1075,   4182,   -435,    178,  -4327,   -112,   1407, 3
     56038,     328717,  25948,    336,    208,  -600, -1065, -1072,  -1060,   7938,     43,   1176,  -4295,    190,   1682, 3
     56081,     328717,  25948,    357,    165,  -648, -1048, -1059,  -1055,   9208,    604,   1776,  -4267,    435,   2000, 3
     56124,     328717,  25950,    370,    119,  -672, -1035, -1075,  -1074,   8225,   1206,   2009,  -4360,    975,   2155, 3
     56168,     328717,  25948,    368,     77,  -649, -1056, -1071,  -1067,   4797,   1674,   1933,  -4530,   1390,   2150, 3
     56211,     328717,  25948,    385,     21,  -601, -1030, -1061,  -1055,   -171,   1841,   1659,  -4590,   1507,   2315, 3
     56254,     328717,  25948,    377,    -25,  -549, -1068, -1081,  -1075,  -4301,   1788,   1416,  -4707,   1550,   2180, 3
     56298,     328717,  25950,    365,    -70,  -523, -1011, -1049,  -1051,  -6330,   1649,   1242,  -4725,   1442,   1942, 3
     56341,     328717,  25947,    273,    -70,  -495, -1053, -1069,  -1064,  -7213,   1417,   1026,  -4947,   1195,   1667, 3
     56384,     328717,  25948,   -232,    -81,  -447, -1070, -1084,  -1076,  -7610,   1053,    665,  -5012,   1090,   1360, 3
     56428,     328717,  25946,   -327,  -4434, -3389, -1015, -1049,  -1052, -32768, -32768, -28151,  -4872,    607,   1147, 6
     56471,     328717,  25944,   4415,  13362, -1674, -1063, -1076,  -1071, -32768,  -5686, -32768,  -1082,  -2005,  -2487, 0
     56514,     328717,  25948,  14591, -11672, -15271, -1037, -1077,  -1076, -32768, -19063, -32768,  -2855,   8535,  -1090, 1
     56557,     328717,  25942,  23515,   1224, -19832, -1055, -1065,  -1055,  32767, -32768,  22441,  -5295,    890,    960, 1
     56601,     328717,  25938,  -9034,   9413,  8111, -1033, -1074,  -1071,  32767,  32767, -32768,  -5545,   5225,   -595, 2
     56644,     328717,  25934,  -2963,  -4954, -32768, -1055, -1068,  -1065,  32767, -32768, -32768,   4590,   2927,   2280, 2
     56687,     328717,  25932, -18245, -10912, -10196, -1068, -1080,  -1076, -32768,  32767, -32768,  -2062,   8005,   2117, 2
     56731,     328717,  25936, -32768,  18935, -32768, -1024, -1057,  -1055,  32767, -32768, -32768,    387,  -2005,    217, 2
     56774,     328717,  25917, -32768, -10179, -16321, -1063, -1073,  -1071,  32767,  32767, -32768,  -5710,   4212,  -2280, 2
     56817,     328717,  25936, -10479,   8327, -1574, -1032, -1072,  -1072,  32767, -32768,  32767,   3937,   2717,   2850, 2
     56861,     328717,  25928, -12822,   7509, -18918, -1045, -1057,  -1055, -32768,  32767,  32767,   2492,  -1087,    455, 2
     56904,     328717,  25924, -18389,  -8782, -27081, -1032, -1072,  -1072, -32768, -32768,  32767,  -2865,   8587,  -1905, 2
     56947,     328717,  25918,   3885,   5919, -3654, -1049, -1062,  -1060, -32768, -32768, -32768,   3485,   -345,     -5, 2
     56990,     328717,  25929,  -1117,   5383, 11196, -1053, -1067,  -1063, -32768, -26055,  17777,   4682,   7390,  -1910, 2
     57034,     328717,  25928,  -1711,  -2524, -4240, -1025, -1064,  -1067, -32768,  -5405, -32768,   3767,   7500,   1432, 2
     57077,     328717,  25921,  -2273,   1057, -4060, -1071, -1077,  -1068,  32767,  21010, -32768,  -1415,   9077,    372, 2
     57120,     328717,  25908,   -565,   1450, -3886, -1043, -1078,  -1074,  32767, -29315, -32768,  -4975,   5170,  -3910, 2
     57164,     328717,  25907,   2258,  -2680, -4397, -1068, -1079,  -1075,  32767, -17643,  20728,  -5942,   2477,    150, 2
     57207,     328717,  25909,   4895,   3830, -1616, -1033, -1074,  -1074,  32767, -16553,  32767,  -5360,   5980,  -1480, 2
     57250,     328717,  25887,   2728,  -2086,  1384, -1057, -1072,  -1068,  32767,  32767, -18357,  -3307,   3557,  -5952, 2
     57294,     328717,  25887,   1196,   5480,  1563, -1030, -1063,  -1060,  31467, -30327,  19437,  -2150,  -1657,  -2825, 2
     57337,     328717,  25909,   1982,   -620,  -951, -1056, -1062,  -1054, -21451, -32768,  32767,  -4770,   -300,  -1157, 2
     57380,     328717,  25915,   2074,  -1212, -2790, -1052, -1066,  -1063, -28934, -26011,  14427,  -5752,   1270,     67, 2
     57423,     328717,  25917,   1764,   -203, -1856, -1029, -1069,  -1069, -17434,  -3407,   3522,  -5485,   1237,    295, 2
     57467,     328717,  25912,   1748,   -503, -1930, -1067, -1079,  -1075,  -7384,  16069,  -1970,  -5747,    965,   -227, 2
     57510,     328717,  25902,   1949,    160, -1806, -1033, -1072,  -1072,  -6725,  32767,  -5426,  -5642,    852,  -1735, 2
     57553,     328717,  25890,   1942,    807,   996, -1068, -1082,  -1075, -15855,  32767,   2548,  -4715,    790,  -3952, 2
     57597,     328717,  25888,   1442,     35,  3242, -1016, -1057,  -1058, -19719,   2006,   6710,  -3555,   1907,  -5582, 2
     57640,     328717,  25892,   1118,   -594,  2690, -1047, -1060,  -1057, -24933, -32768,  -5419,  -4335,   3190,  -5017, 2
     57683,     328717,  25903,   1591,    209,  -161, -1064, -1077,  -1072, -27041, -32768, -25014,  -5840,   3087,  -2602, 2
     57727,     328717,  25906,   2556,   1514, -2473, -1030, -1071,  -1071, -23665, -22578, -25355,  -5497,   1275,    -97, 2
     57770,     328717,  25899,   2209,    163,  -908, -1056, -1071,  -1067,  -7585,   4898, -13495,  -4965,    -75,   -175, 2
     57813,     328717,  25900,    362,   -476,  -300, -1035, -1075,  -1076,  18052,   9021, -17349,  -4582,   -697,   -372, 3
     57856,     328717,  25906,   -302,    140,  -358, -1072, -1083,  -1072,  26588,   3475, -21433,  -3490,  -1175,    690, 3
     57900,     328717,  25913,   -307,    302,  -537, -1021, -1055,  -1053,  31817,  -3329, -19017,  -2452,  -1025,   2092, 3
     57943,     328717,  25914,    226,    -65, -2597, -1045, -1059,  -1056,  32767,   -105, -15968,  -1340,    290,   3515, 6
BMP180: ac1=     0, ac2=    49, ac3=     0, b1= 30029, b2=   513, mb=   122, mc=   200, md=    29, ac4=    0, ac5= 8960, ac6=34818
new FileSome header
